,Timestamp,Date (morning),RH check rail flangeway (mm),RH check rail width,#-6 gauge,#-5 gauge,#-4 gauge,#-3 gauge,#-2 gauge,#-1 gauge,#1 gauge,#2 gauge,#3 gauge,#4 gauge,#5 gauge,#6 gauge,#7 gauge,#8 gauge,#9 gauge,#10 gauge,#11 gauge,#12 gauge,#13 gauge,#14 gauge,#15 gauge,#16 gauge,#17 gauge,#18 gauge,#19 gauge,#20 gauge,#21 gauge,#22 gauge,#23 gauge,#24 gauge,#25 gauge,#26 gauge,#27 gauge,#28 gauge,#29 gauge,#30 gauge,#31 gauge,#32 gauge,#33 gauge,#34 gauge,#35 gauge,#36 gauge,#37 gauge,#38 gauge,#39 gauge,#40 gauge,#41 gauge,#42 gauge,#43 gauge,#44 gauge,#45 gauge,#46 gauge,#47 gauge,#-6 cross level,#-5 cross level,#-4 cross level,#-3 cross level,#-2 cross level,#-1 cross level,#1 cross level,#2 cross level,#3 cross level,#4 cross level,#5 cross level,#6 cross level,#7 cross level,#8 cross level,#9 cross level,#10 cross level,#11 cross level,#12 cross level,#13 cross level,#14 cross level,#15 cross level,#16 cross level,#17 cross level,#18 cross level,#19 cross level,#20 cross level,#21 cross level,#22 cross level,#23 cross level,#24 cross level,#25 cross level,#26 cross level,#27 cross level,#28 cross level,#29 cross level,#30 cross level,#31 cross level,#32 cross level,#33 cross level,#34 cross level,#35 cross level,#36 cross level,#37 cross level,#38 cross level,#39 cross level,#40 cross level,#41 cross level,#42 cross level,#43 cross level,#44 cross level,#45 cross level,#46 cross level,#47 cross level
0,07/04/2020 18:28:18,ref1,,,1443,1445,1446,1445,1444,1440,1438,1440,1440,1440,1438,1438,1435,1434,1433,1434,1436,1437,1437,1438,1440,1441,1444,1445,1444,1446,1446,1444,1443,1442,1439,1437,1437,1438,1438,1438,1437,1436,1436,1437,1438,1439,1439,1441,1441,1437,1460 xing nose,1437,1438,1438,1438,1438,,16,13,10,9,8,8,9,8,8,7,6,4,6,5,5,5,5,5,4,5,4,3,2,2,2,2,3,4,4,4,4,3,3,3,1,-2,-3,-3,-3,-2,-1,-1,-2,-2,-3,-4,-3,-8,-6,0,0,1,0
0,14/04/2020 14:48:14,ref2,,,,,1445,1444,1444,1440,1439,1441,1440,1439,1437,1435,1433,1433,1433,1434,1436,1438,1438,1438,1439,1439,1440,1442,1443,1443,1443,1442,1440,1438,1438,1438,1438,1437,1436,1435,1435,1434,1435,1436,1437,1436,1435,1435,1435,1437,Nose,1438,1439,1439,1440,1439,,,,7,4,3,4,3,3,2,1,0,0,3,3,2,3,3,3,3,3,1,1,1,2,3,5,5,5,5,5,7,7,8,9,10,9,9,10,10,11,12,10,9,6,5,4,4,2,4,3,3,0,
0,08/04/2020 18:28:18,ref3,,,1443,1445,1446,1445,1444,1440,1438,1440,1440,1440,1438,1438,1435,1434,1433,1434,1436,1437,1437,1438,1440,1441,1444,1445,1444,1446,1446,1444,1443,1442,1439,1437,1437,1438,1438,1438,1437,1436,1436,1437,1438,1439,1439,1441,1441,1437,1460 xing nose,1437,1438,1438,1438,1438,,16,13,10,9,8,8,9,8,8,7,6,4,6,5,5,5,5,5,4,5,4,3,2,2,2,2,3,4,4,4,4,3,3,3,1,-2,-3,-3,-3,-2,-1,-1,-2,-2,-3,-4,-3,-8,-6,0,0,1,0
0,15/10/2019 00:00:00,15-Oct-2019,,,,,,,1444,1440,1438,1440,1440,1440,1440,1438,1437,1437,1436,1437,1439,1440,1439,1438,1440,1441,1444,1445,1444,1446,1445,1445,1443,1441,1438,1437,1437,1438,1438,1438,1437,1436,1435,1437,1438,1438,1438,1441,1440,1437,1457 nose,1438,1438,1438,1439,1438,,,,,,,,,,,,,,,,,,,,,,,,,,,,,,,,,,,,,,,,,,,,,,,,,,,,,,
0,18/10/2019 00:00:00,18-Oct-2019,,,,,,,1444,1440,1438,1440,1440,1440,1438,1438,1435,1434,1433,1434,1436,1437,1437,1438,1440,1441,1444,1445,1444,1446,1446,1444,1443,1442,1439,1437,1437,1438,1438,1438,1437,1436,1436,1437,1438,1439,1439,1441,1441,1437,1460 nose,1437,1438,1438,1438,1438,,,,,,,,,,,,,,,,,,,,,,,,,,,,,,,,,,,,,,,,,,,,,,,,,,,,,,
0,24/10/2019 00:00:00,24-Oct-2019,,,,,,,1444,1440,1438,1446,1440,1440,1440,1438,1437,1436,1436,1438,1440,1440,1440,1439,1441,1442,1444,1445,1445,1446,1445,1444,1444,1443,1440,1438,1438,1439,1439,1439,1438,1438,1438,1438,1439,1440,1440,1443,1442,1439,1439 nose,1439,1439,1439,1440,1440,,,,,,,,,,,,,,,,,,,,,,,,,,,,,,,,,,,,,,,,,,,,,,,,,,,,,,
0,29/12/2019 00:00:00,29-Dec-2019,,,1444,1445,1445,1445,1444,1441,1440,1436,1441,1440,1440,1437,1435,1435,1434,1435,1437,1439,1438,1438,1440,1440,1440,1440,1440,1442,1440,1440,1440,1440,1439,1438,1438,1438,1438,1437,1437,1438,1438,1439,1440,1440,1441,1444,1444,1439,,1440,1440,1440,1440,1440,,,,,,,,,,,,,,,,,,,,,,,,,,,,,,,,,,,,,,,,,,,,,,,,,,,,,,
0,19/01/2020 00:00:00,19-Jan-2020,,,,,1445,1445,1444,1441,1439,1441,1440,1440,1440,1439,1437,1437,1437,1439,1441,1442,1440,1439,1439,1437,1438,1440,1440,1441,1441,1441,1440,1439,1439,1439,1438,1437,1436,1435,1434,1434,1435,1437,1439,1440,1441,1444,1443,1439,,1439,1440,1440,1440,1440,,,,,,,,,,,,,,,,,,,,,,,,,,,,,,,,,,,,,,,,,,,,,,,,,,,,,,
0,24/01/2020 00:00:00,24-Jan-2020,,,,,1446,1444,1443,1440,1438,1440,1441,1441,1440,1438,1437,1437,1437,1439,1441,1442,1440,1438,1438,1437,1438,1439,1440,1442,1442,1441,1440,1439,1438,1438,1438,1437,1436,1435,1434,1434,1436,1437,1438,1440,1441,1443,1442,1438,,1437,1437,1439,1439,1440,,,,,,,,,,,,,,,,,,,,,,,,,,,,,,,,,,,,,,,,,,,,,,,,,,,,,,
0,27/01/2020 00:00:00,27-Jan-2020,,,,,1446,1445,1443,1440,1439,1441,1441,1441,1440,1439,1438,1438,1438,1440,1441,1442,1440,1438,1439,1437,1438,1440,1441,1443,1442,1441,1440,1439,1439,1439,1438,1438,1436,1435,1434,1435,1437,1438,1439,1441,1442,1444,1443,1438,,1437,1438,1439,1440,1441,,,,,,,,,,,,,,,,,,,,,,,,,,,,,,,,,,,,,,,,,,,,,,,,,,,,,,
0,02/02/2020 00:00:00,2-Feb-2020,,,,,1445,1445,1444,1440,1439,1441,1440,1441,1440,1439,1438,1438,1438,1440,1441,1442,1441,1438,1439,1427,1439,1440,1441,1443,1442,1442,1440,1439,1438,1438,1438,1437,1436,1436,1434,1434,1436,1437,1438,1440,1439,1443,1443,1438,,1437,1436,1439,1439,1440,,,,,,,,,,,,,,,,,,,,,,,,,,,,,,,,,,,,,,,,,,,,,,,,,,,,,,
0,26/02/2020 00:00:00,26-Feb-2020,,,1443,1444,1445,1445,1444,1440,1439,1440,1440,1439,1438,1435,1433,1433,1433,1434,1436,1439,1439,1438,1439,1438,1440,1441,1442,1443,1442,1441,1440,1438,1438,1438,1438,1437,1436,1435,1434,1434,1435,1436,1436,1436,1435,1435,1435,1437,,1439,1440,1440,1440,1439,,,,,,,,,,,,,,,,,,,,,,,,,,,,,,,,,,,,,,,,,,,,,,,,,,,,,,
0,12/03/2020 00:00:00,12-Mar-2020,,,,,1445,1445,1444,1440,1438,1441,1440,1440,1440,1438,1438,1437,1437,1440,1442,1442,1440,1439,1439,1438,1440,1440,1442,1443,1442,1441,1440,1438,1438,1438,1437,1437,1435,1435,1434,1434,1435,1436,1436,1436,1435,1435,1435,1437,,1439,1439,1439,1440,1440,,,,,,,,,,,,,,,,,,,,,,,,,,,,,,,,,,,,,,,,,,,,,,,,,,,,,,
0,25/03/2020 00:00:00,25-Mar-2020,,,1442,1442,1444,1445,1444,1443,1441,1441,1441,1441,1440,1438,1437,1437,1430,1439,1441,1442,1440,1438,1439,1438,1439,1441,1442,1443,1442,1442,1440,1438,1438,1438,1438,1438,1436,1434,1434,1435,1435,1436,1436,1436,1435,1435,1435,1437,1438nose,1439,1439,1439,1439,1439,,,,,,,,,,,,,,,,,,,,,,,,,,,,,,,,,,,,,,,,,,,,,,,,,,,,,,
0,03/04/2020 00:00:00,3-Apr-2020,45,76,1442,1444,1446,1444,1443,1441,1438,1441,1441,1441,1440,1438,1437,1438,1437,1439,1441,1442,1440,1438,1439,1438,1439,1441,1442,1443,1442,1442,1440,1438,1438,1438,1438,1437,1436,1435,1435,1434,1435,1436,1436,1436,1436,1435,1435,1436,,1438,1439,1439,1439,1439,,,,,,,,,,,,,,,,,,,,,,,,,,,,,,,,,,,,,,,,,,,,,,,,,,,,,,
0,05/04/2020 00:00:00,5-Apr-2020,45,77,,,1445,1444,1443,1440,1438,1440,1441,1441,1440,1438,1437,1438,1437,1439,1440,1441,1440,1438,1439,1438,1439,1441,1442,1443,1442,1442,1440,1438,1438,1438,1438,1437,1436,1435,1434,1434,1435,1436,1436,1436,1435,1435,1435,1436,,1438,1439,1439,1439,1439,,,,,,,,,,,,,,,,,,,,,,,,,,,,,,,,,,,,,,,,,,,,,,,,,,,,,,
0,08/04/2020 00:00:00,8-Apr-2020,44,77,,,1445,1444,1444,1440,1439,1441,1440,1439,1437,1435,1433,1433,1433,1434,1436,1438,1438,1439,1439,1439,1440,1442,1443,1443,1443,1442,1440,1438,1438,1438,1438,1437,1436,1435,1435,1434,1435,1436,1437,1436,1435,1435,1435,1437,,1438,1439,1439,1440,1439,,,,,,,,,,,,,,,,,,,,,,,,,,,,,,,,,,,,,,,,,,,,,,,,,,,,,,
0,17/04/2020 00:00:00,17-Apr-2020,42,75,1443,1444,1446,1445,1443,1440,1439,1441,1440,1441,1440,1439,1438,1438,1438,1439,1441,1442,1440,1439,1439,1437,1440,1442,1442,1443,1443,1442,1440,1439,1438,1438,1438,1437,1436,1435,1435,1434,1435,1436,1436,1436,1435,1435,1435,1436,,1438,1439,1439,1439,1439,,,,,,,,,,,,,,,,,,,,,,,,,,,,,,,,,,,,,,,,,,,,,,,,,,,,,,
0,19/04/2020 00:00:00,19-Apr-2020,42,76,,,1446,1445,1444,1440,1438,1446,1442,1441,1440,1439,1438,1438,1438,1439,1441,1442,1441,1439,1439,1438,1439,1441,1442,1443,1443,1442,1440,1438,1438,1438,1438,1437,1436,1435,1434,1434,1435,1436,1437,1436,1435,1435,1435,1436,,1437,1439,1439,1439,1439,,,,,,,,,,,,,,,,,,,,,,,,,,,,,,,,,,,,,,,,,,,,,,,,,,,,,,
